171	54.0	38.0	2010
160	46.5	37.0	2009
164	52.0	38.0	2010
161	54.0	36.0	2009
170	51.0	38.0	2009
161	45.0	36.0	2011
166	52.0	36.0	2009
162	53.0	38.0	2010
158	42.0	36.0	2009
164	51.0	37.5	2011
160	52.0	36.0	2009
165	47.0	38.0	2011
159	48.0	38.0	2011
160	51.0	37.0	2010
169	62.0	38.0	2009
156	43.0	36.0	2009
160	47.0	37.0	2011
158	52.0	37.0	2017
163	48.0	37.0	2009
160	60.0	38.0	2017
169	56.0	38.0	2009
160	52.0	36.0	2011
162	52.0	38.0	2011
163	67.0	38.0	2011
157	45.0	37.0	2010
162	53.0	37.0	2009
163	58.0	38.0	2011
164	49.0	37.0	2011
171	59.0	40.0	2011
152	42.0	36.0	2010
163	52.5	38.0	2018
155	43.0	36.0	2011
173	60.0	39.0	2010
165	53.0	37.0	2010
165	50.0	37.0	2011
158	51.0	36.0	2010
165	52.0	37.0	2010
163	50.0	37.0	2011
171	59.0	40.0	2010
164	62.0	39.0	2011
160	46.5	37.0	2011
168	50.0	38.0	2017
158	50.0	37.0	2010
164	52.0	38.0	2009
162	53.0	38.0	2011
158	49.0	37.0	2017
165	60.0	37.0	2011
164	48.0	38.0	2009
168	45.0	37.0	2010
158	51.0	36.0	2021
160	52.0	37.0	2021
158	45.0	36.0	2018
164	62.0	39.0	2009
170	60.0	38.0	2011
158	45.0	37.0	2010
160	48.0	38.0	2011
166	52.0	36.0	2010
152	42.0	35.0	2010
169	48.0	38.0	2010
160	47.0	38.0	2011
169	48.0	38.0	2011
163	62.0	38.0	2021
162	53.0	37.0	2010
158	45.0	37.0	2011
165	50.0	37.0	2011
160	51.0	37.0	2009
165	52.0	38.0	2009
161	52.0	38.0	2010
155	44.0	37.0	2011
161	45.0	36.0	2010
170	53.0	38.0	2010
162	53.0	38.0	2010
159	48.0	38.0	2010
160	45.0	36.0	2011
169	52.0	36.0	2011
155	51.0	38.0	2010
168	50.0	38.0	2018
163	67.0	38.0	2010
147	36.0	35.0	2010
162	53.0	37.0	2011
164	48.0	38.0	2010
163	48.0	37.0	2010
168	45.0	37.0	2011
158	50.0	37.0	2011
165	53.0	38.0	2011
162	50.0	37.0	2011
158	49.0	37.0	2018
157	50.0	38.0	2010
165	64.0	37.0	2021
155	48.0	35.0	2011
165	43.0	37.0	2017
165	52.0	37.0	2011
163	50.0	37.0	2011
156	43.0	36.0	2010
157	48.0	35.0	2018
166	51.0	37.0	2021
161	46.0	36.0	2011
162	50.0	37.0	2021
169	62.0	38.0	2010
152	42.0	36.0	2011
165	50.0	37.0	2010
165	51.0	38.0	2011
169	62.0	39.0	2011
161	46.0	36.0	2010
157	43.0	36.0	2011
168	52.0	38.0	2011
163	62.0	36.0	2011
165	50.0	38.0	2011
165	63.0	37.0	2011
158	52.0	37.0	2018
163	52.5	38.0	2017
165	50.0	37.0	2010
168	45.0	37.0	2009
162	53.0	37.0	2011
169	70.0	39.0	2021
165	50.0	38.0	2010
158	44.0	36.0	2011
169	48.0	38.0	2009
158	41.0	38.0	2011
165	51.0	37.0	2011
156	43.0	36.0	2011
162	62.0	38.0	2011
161	52.0	38.0	2009
160	52.0	36.0	2010
165	52.0	38.0	2011
165	51.0	37.0	2011
162	53.0	38.0	2010
163	48.0	37.0	2011
162	52.0	38.0	2009
174	55.0	38.0	2011
163	62.0	36.0	2010
161	54.0	36.0	2011
171	59.0	41.0	2011
161	52.0	38.0	2011
169	62.0	39.0	2010
165	52.0	38.0	2010
156	43.0	36.0	2010
165	51.0	37.0	2010
166	58.0	38.0	2009
165	47.0	38.0	2010
161	46.0	36.0	2009
177	50.0	39.0	2017
168	59.0	37.0	2010
156	44.0	36.0	2010
165	43.0	37.0	2018
158	50.0	37.0	2009
155	44.0	37.0	2010
160	50.0	39.0	2010
165	53.0	37.0	2011
158	41.0	38.0	2010
160	47.0	36.0	2011
161	54.0	36.0	2010
158	44.0	36.0	2009
160	53.0	36.0	2021
166	52.0	36.0	2011
161	54.0	36.0	2010
165	45.0	36.0	2011
155	47.0	38.0	2010
169	56.0	38.0	2010
163	48.0	37.0	2021
173	60.0	39.0	2011
160	51.0	37.0	2011
160	50.0	39.0	2011
159	60.0	38.0	2009
152	42.0	35.0	2011
175	47.0	37.0	2010
175	47.0	37.0	2011
166	48.0	36.0	2010
162	52.0	38.0	2010
157	45.0	37.0	2011
166	58.0	38.0	2010
158	51.0	36.0	2011
164	52.0	38.0	2011
160	60.0	38.0	2018
168	52.0	38.0	2010
165	51.0	37.0	2010
160	46.5	37.0	2010
160	53.0	36.0	2011
163	50.0	37.0	2010
158	44.0	35.0	2011
169	56.0	38.0	2011
177	50.0	39.0	2018
156	43.0	36.0	2011
165	51.0	37.0	2009
157	50.0	38.0	2011
170	60.0	38.0	2010
167	65.0	39.0	2021
160	62.0	38.0	2011
169	52.0	36.0	2010
147	36.0	35.0	2009
158	42.0	36.0	2011
160	54.0	36.0	2010
172	60.0	38.0	2021
163	55.0	38.0	2011
163	45.0	37.0	2011
169	60.0	38.0	2011
160	50.0	37.0	2011
155	51.0	38.0	2011
166	48.0	36.0	2011
162	50.0	37.0	2010
170	53.0	38.0	2011
170	53.0	38.0	2009
157	46.0	37.0	2011
168	59.0	37.0	2011
165	50.0	35.0	2011
160	50.0	39.0	2009
165	50.0	37.0	2009
163	55.0	37.5	2018
162	53.0	38.0	2011
158	44.0	36.0	2010
164	62.0	39.0	2010
158	45.0	36.0	2017
168	54.0	39.0	2011
163	55.0	38.0	2009
158	42.0	36.0	2010
155	47.0	38.0	2011
158	53.0	36.0	2011
160	43.0	36.0	2011
170	51.0	38.0	2010
165	55.0	38.0	2011
165	58.0	37.0	2011
157	46.0	37.0	2010
165	58.0	37.0	2010
162	53.0	38.0	2009
155	44.0	37.0	2009
164	48.0	38.0	2011
163	62.0	38.0	2011
165	53.0	38.0	2010
169	62.0	38.0	2011
147	36.0	35.0	2011
170	51.0	38.0	2011
160	62.0	38.0	2010
159	60.0	38.0	2011
165	52.0	37.0	2021
162	53.0	38.0	2011
156	44.0	36.0	2009
157	48.0	35.0	2017
162	53.0	38.0	2009
158	41.0	38.0	2009
161	54.0	36.0	2011
165	50.0	38.0	2009
152	42.0	36.0	2009
165	50.0	37.0	2011
159	60.0	38.0	2010
158	51.0	36.0	2009
172	52.0	38.0	2011
175	47.0	37.0	2009
165	58.0	37.0	2009
163	55.0	37.5	2017
171	54.0	38.0	2011
160	54.0	36.0	2011
156	44.0	36.0	2011
169	51.0	39.0	2011
165	51.0	38.0	2010
157	50.0	38.0	2009
163	55.0	38.0	2010
165	63.0	37.0	2010
166	58.0	38.0	2011
155	43.0	36.0	2010
